0.0634765625 -0.00146484375 1.01123046875
0.05810546875 0.012939453125 1.01611328125
0.060791015625 0.015625 1.021240234375
0.063720703125 -0.0107421875 1.015625
0.05615234375 0.023681640625 1.021728515625
0.06640625 0.009765625 1.01318359375
0.060791015625 0.000732421875 1.029296875
0.059814453125 0.005126953125 1.025634765625
0.05322265625 0.004638671875 1.01416015625
0.052490234375 0.007568359375 1.01708984375
0.0654296875 0.0 1.013916015625
0.060791015625 0.004638671875 1.02783203125
0.054931640625 0.01708984375 1.021484375
0.066650390625 0.0068359375 1.00390625
0.0634765625 0.010009765625 1.026123046875
0.0654296875 0.010498046875 1.012939453125
0.055419921875 0.00927734375 1.02392578125
0.05224609375 0.0126953125 1.01953125
0.0595703125 0.00634765625 1.0244140625
0.056884765625 0.01025390625 1.011474609375
0.055419921875 0.0283203125 1.020263671875
0.07373046875 0.01123046875 1.016845703125
0.062744140625 0.0087890625 1.016357421875
0.062744140625 0.014404296875 1.016845703125
0.062744140625 0.01318359375 1.007080078125
0.060546875 0.01025390625 1.0146484375
0.058837890625 0.015625 1.021484375
0.0537109375 0.0107421875 1.02978515625
0.051513671875 0.00048828125 1.028076171875
0.0693359375 0.001220703125 1.02490234375
0.072021484375 0.0107421875 1.0302734375
0.054443359375 0.01171875 1.040283203125
0.064453125 0.02099609375 1.006591796875
0.060302734375 0.005859375 1.013671875
0.06494140625 0.021240234375 1.017822265625
0.0498046875 0.005615234375 1.018798828125
0.061279296875 0.00244140625 1.01318359375
0.054443359375 0.017333984375 1.021240234375
0.050537109375 0.011474609375 1.0185546875
0.060302734375 0.011474609375 1.02783203125
0.05859375 0.01318359375 1.02490234375
0.059326171875 0.009765625 1.0146484375
0.055419921875 0.007080078125 1.017578125
0.07080078125 0.01220703125 1.016845703125
0.060791015625 0.013916015625 1.015869140625
0.05615234375 0.005126953125 1.012451171875
0.062744140625 0.005859375 1.016357421875
0.065673828125 0.0107421875 1.02197265625
0.058349609375 0.010009765625 1.01806640625
0.058349609375 0.0078125 1.002197265625
